name: arc373
channels:
  - conda-forge
  - defaults
dependencies:
  - appdirs=1.4.4=pyhd8ed1ab_1
  - attrs=25.3.0=pyh71513ae_0
  - autobahn=24.4.2=pyhd8ed1ab_1
  - automat=25.4.16=pyhd8ed1ab_0
  - bcrypt=4.3.0=py313hfbe8231_2
  - bullet-cpp=3.25=hf91d08e_4
  - bzip2=1.0.8=h2466b09_7
  - ca-certificates=2025.8.3=h4c7d964_0
  - cffi=1.17.1=py313h5ea7bf4_1
  - compas=2.13.0=pyhd8ed1ab_0
  - compas_fab=1.1.0=py313hfa70ccb_0
  - compas_robots=0.6.0=pyhd8ed1ab_1
  - constantly=15.1.0=py_0
  - cryptography=45.0.7=py313h392ebe0_1
  - hyperlink=21.0.0=pyh29332c3_1
  - idna=3.10=pyhd8ed1ab_1
  - incremental=24.7.2=pyhd8ed1ab_1
  - intel-openmp=2025.2.0=h57928b3_757
  - jsonschema=4.25.1=pyhe01879c_0
  - jsonschema-specifications=2025.4.1=pyh29332c3_0
  - libblas=3.9.0=28_h576b46c_mkl
  - libcblas=3.9.0=28_h7ad3364_mkl
  - libexpat=2.7.1=hac47afa_0
  - libffi=3.4.6=h537db12_1
  - liblapack=3.9.0=28_hacfb0e4_mkl
  - liblzma=5.8.1=h2466b09_2
  - libmpdec=4.0.0=h2466b09_0
  - libsqlite=3.50.4=hf5d6505_0
  - libzlib=1.3.1=h2466b09_2
  - llvm-openmp=20.1.8=h29ce207_0
  - mkl=2024.2.2=h57928b3_16
  - networkx=3.5=pyhe01879c_0
  - numpy=2.3.2=py313hce7ae62_2
  - openssl=3.5.2=h725018a_0
  - pip=25.2=pyh145f28c_0
  - pyasn1=0.6.1=pyhd8ed1ab_2
  - pyasn1-modules=0.4.2=pyhd8ed1ab_0
  - pybullet=3.25=py313h75aece0_4
  - pycparser=2.22=pyh29332c3_1
  - pyopenssl=25.1.0=pyhd8ed1ab_0
  - pyserial=3.5=pyhd8ed1ab_1
  - python=3.13.5=h7de537c_102_cp313
  - python_abi=3.13=8_cp313
  - pywin32=311=py313h40c08fc_1
  - pyyaml=6.0.2=py313hb4c8b1a_2
  - referencing=0.36.2=pyh29332c3_0
  - roslibpy=1.8.1=pyhd8ed1ab_0
  - rpds-py=0.27.1=py313hfbe8231_1
  - scipy=1.16.1=py313h62a08ca_1
  - service-identity=24.2.0=pyha770c72_1
  - service_identity=24.2.0=hd8ed1ab_1
  - setuptools=80.9.0=pyhff2d567_0
  - six=1.17.0=pyhe01879c_1
  - tbb=2021.8.0=h59b6b97_0
  - tk=8.6.13=h2c6b04d_2
  - tomli=2.2.1=pyhe01879c_2
  - twisted=25.5.0=py313ha7868ed_0
  - twisted-iocpsupport=1.0.4=py313ha7868ed_2
  - txaio=25.6.1=pyhd8ed1ab_0
  - typing-extensions=4.15.0=h396c80c_0
  - typing_extensions=4.15.0=pyhcf101f3_0
  - tzdata=2025b=h78e105d_0
  - ucrt=10.0.26100.0=h57928b3_0
  - vc=14.3=h2df5915_10
  - vc14_runtime=14.44.35208=h818238b_31
  - vcomp14=14.44.35208=h818238b_31
  - vs2015_runtime=14.44.35208=h38c0c73_31
  - watchdog=6.0.0=py313hfa70ccb_1
  - yaml=0.2.5=h6a83c73_3
  - zope.interface=7.2=py313ha7868ed_0
prefix: C:\Users\eleni\anaconda3\envs\arc373
